27
2400,1566.187255859375,27.7
2500,1566.123657226562,27.7
2600,1564.662353515625,13549804687,27.7
2300,1566.886474609375,27.7
2400,1566.187255859375,27.7
2500,1566.123657226562,27.7
2600,1564.662353515625,Setting up PWM module...Done.
Calling reset of all MCP3424 chips...Done.
0,1580.137084960937,27.8
100,Setting up PWM module...Done.
Calling reset of all MCP3424 chips...Done.
0,1580.264770507812,27.8
100,1580.137084960937,27.8
200,1579.817993164062,27.8
300,1579.243530273437,27.8
400,1579.179687500000,27.8
500,1578.541625976562,27.8
600,1578.414062500000,27.8
700,1577.648437500000,27.8
800,1577.712158203125,27.8
900,1577.329345703125,27.8
1000,1576.946777343750,27.8
1100,1576.564208984375,27.8
1200,1575.862792968750,27.8
1300,1575.352905273437,27.8
1400,1574.715454101562,27.8
1500,1574.588134765625,27.8
1600,1573.887084960937,27.8
1700,1574.269287109375,27.8
1800,1573.696044921875,27.8
1900,1573.568603515625,27.8
2000,1573.186279296875,27.8
2100,1572.804199218750,27.7
2200,1572.485839843750,27.7
2300,1571.976318359375,27.7
2400,1571.657958984375,27.7
2500,1571.148681640625,27.7
2600,1570.894042968750,27.7
2700,1570.257446289062,27.7
2800,1570.130126953125,27.7
2900,1569.812011718750,27.7
3000,1569.494018554687,27.7
3100,1569.239379882812,27.7
3200,1568.857788085937,27.7
3300,1568.539794921875,27.7
3400,1567.903686523437,27.7
3500,1567.840209960937,27.7
3600,1567.140747070312,27.7
3700,1567.013549804687,27.7
3800,1566.632202148437,27.7
3900,1566.314453125000,27.7
4000,1566.060180664062,27.7
4100,1565.806030273437,27.7
4200,1565.424804687500,27.7
4300,1564.789428710937,27.6
4400,1564.725830078125,27.6
4500,1563.963623046875,27.6
4600,1564.090576171875,27.6
4700,1563.519165039062,27.6
4800,1563.328735351562,27.6
4900,1563.074584960937,27.6
5000,1562.757202148437,27.6
5100,1562.312866210937,27.6
5200,1561.932006835937,27.6
5300,1561.678100585937,27.6
5400,1561.106933593750,27.6
5500,1561.043457031250,27.6
5600,1560.536010742187,27.6
5700,1560.345703125000,27.6
5800,1559.901611328125,27.6
5900,1559.774780273437,27.6
6000,1559.457763671875,27.6
6100,1559.204101562500,27.6
6200,1558.950317382812,27.6
6300,1558.379882812500,27.6
6400,1558.062744140625,27.6
6500,1557.745849609375,27.6
6600,1557.619140625000,27.6
6700,1556.985351562500,27.5
6800,1556.985351562500,27.5
6900,1556.731933593750,27.5
7000,1556.034912109375,27.5
7100,1555.211669921875,27.5
7200,1554.325073242187,27.5
7300,1554.388427734375,27.5
7400,1553.755249023437,27.5
7500,1554.071777343750,27.5
7600,1553.755249023437,27.5
7700,1553.565429687500,27.5
7800,1553.249023437500,27.5
7900,1552.299804687500,27.5
8000,1552.742675781250,27.5
8100,1551.477294921875,27.5
8200,1551.920043945312,27.5
8300,1551.477294921875,27.5
8400,1549.580200195312,27.4
8500,1548.505615234375,27.4
8600,1549.200927734375,27.5
8700,1548.758422851562,27.4
8800,1549.453735351562,27.4
8900,1549.453735351562,27.5
9000,1549.706542968750,27.4
9100,1549.137695312500,27.4
9200,1549.074584960937,27.4
9300,1549.264160156250,27.4
9400,1548.695190429687,27.4
9500,1548.821655273437,27.4
9600,1548.063354492187,27.4
9700,1548.063354492187,27.4
9800,1547.557861328125,27.4
9900,1547.621093750000,27.4
10000,1547.178955078125,27.4
10100,1546.736694335937,27.4
10200,1546.294677734375,27.4
10300,1545.978759765625,27.4
10400,1545.536865234375,27.4
10500,1545.221313476562,27.4
10600,1545.599975585937,27.4
10700,1545.221313476562,27.4
10800,1545.158203125000,27.4
10900,1544.968627929687,27.4
11000,1544.652954101562,27.4
11100,1544.463623046875,27.4
11200,1544.274291992187,27.4
11300,1544.147949218750,27.4
11400,1543.517089843750,27.4
11500,1543.580200195312,27.4
11600,1542.318603515625,27.4
11700,1542.318603515625,27.4
11800,1542.003051757812,27.4
11900,1542.003051757812,27.3
12000,1541.750854492187,27.3
12100,1541.435668945312,27.3
12200,1541.183471679687,27.3
12300,1540.931274414062,27.3
12400,1540.364013671875,27.3
12500,1540.174926757812,27.3
12600,1539.985717773437,27.3
12700,1538.851562500000,27.3
12800,1538.536621093750,27.3
12900,1539.796752929687,27.3
13000,1539.670654296875,27.3
13100,1539.418701171875,27.3
13200,1539.166625976562,27.3
13300,1539.040527343750,27.3
13400,1538.410644531250,27.3
13500,1538.473632812500,27.3
13600,1537.528930664062,27.3
13700,1536.206787109375,27.3
13800,1536.773315429687,27.3
13900,1535.766113281250,27.3
14000,1536.332641601562,27.3
14100,1535.640258789062,27.3
14200,1536.332641601562,27.3
14300,1535.262695312500,27.3
14400,1535.640258789062,27.3
14500,1535.766113281250,27.3
14600,1536.017822265625,27.3
14700,1535.514404296875,27.3
14800,1535.514404296875,27.3
14900,1535.325683593750,27.3
15000,1534.444824218750,27.2
15100,1534.696411132812,27.2
15200,1534.507690429687,27.2
15300,1534.318969726562,27.2
15400,1533.564086914062,27.2
15500,1533.438354492187,27.2
15600,1533.249755859375,27.2
15700,1533.501220703125,27.2
15800,1533.501220703125,27.2
15900,1533.249755859375,27.2
16000,1532.935180664062,27.2
16100,1532.746582031250,27.2
16200,1531.992187500000,27.2
16300,1530.798095703125,27.2
16400,1530.923706054687,27.2
16500,1530.358276367187,27.2
16600,1530.484008789062,27.2
16700,1531.175170898437,27.2
16800,1531.300903320312,27.2
16900,1530.986572265625,27.2
17000,1529.855712890625,27.2
17100,1529.353271484375,27.2
17200,1529.981323242187,27.2
17300,1529.541625976562,27.2
17400,1528.913574218750,27.2
17500,1529.164916992187,27.2
17600,1528.160156250000,27.2
17700,1528.411254882812,27.1
17800,1527.030151367187,27.1
17900,1527.344116210937,27.1
18000,1526.967407226562,27.1
18100,1527.030151367187,27.1
18200,1525.838012695312,27.1
18300,1527.030151367187,27.1
18400,1527.469604492187,27.1
18500,1526.967407226562,27.1
18600,1527.218627929687,27.1
18700,1527.030151367187,27.1
18800,1527.030151367187,27.1
18900,1526.904663085937,27.1
19000,1526.779174804687,27.1
19100,1526.339965820312,27.1
19200,1526.277221679687,27.1
19300,1525.963378906250,27.1
19400,1525.398925781250,27.1
19500,1525.712524414062,27.1
19600,1525.210815429687,27.1
19700,1525.273559570312,27.1
19800,1525.148071289062,27.1
19900,1524.708984375000,27.1
20000,1525.085327148437,27.1
20100,1525.085327148437,27.1
20200,1524.897094726562,27.1
20300,1524.646240234375,27.1
20400,1524.395507812500,27.1
20500,1524.207397460937,27.1
20600,1524.207397460937,27.1
20700,1523.705688476562,27.1
20800,1524.019165039062,27.1
20900,1523.831054687500,27.1
21000,1523.643066406250,27.1
21100,1523.517700195312,27.1
21200,1523.392333984375,27.1
21300,1523.266967773437,27.1
21400,1522.890747070312,27.1
21500,1523.016113281250,27.1
21600,1522.640136718750,27.1
21700,1522.640136718750,27.1
21800,1522.326904296875,27.1
21900,1522.389526367187,27.1
22000,1522.201538085937,27.1
22100,1522.389526367187,27.1
22200,1522.389526367187,27.1
22300,1522.138916015625,27.1
22400,1522.138916015625,27.1
22500,1521.700195312500,27.1
22600,1521.888183593750,27.1
22700,1521.386962890625,27.1
22800,1521.574951171875,27.0
22900,1521.512329101562,27.0
23000,1521.386962890625,27.0
23100,1521.324340820312,27.0
23200,1521.199096679687,27.0
23300,1520.697998046875,27.0
23400,1520.071777343750,27.0
23500,1520.071777343750,27.0
23600,1520.009033203125,27.0
23700,1519.132690429687,27.0
23800,1519.633422851562,27.0
23900,1519.257812500000,27.0
24000,1519.570800781250,27.0
24100,1518.256103515625,27.0
24200,1518.944580078125,27.0
24300,1518.381225585937,27.0
24400,1518.881958007812,27.0
24500,1518.756835937500,27.0
24600,1518.568969726562,27.0
24700,1518.068359375000,27.0
24800,1518.568969726562,27.0
24900,1518.256103515625,27.0
25000,1518.068359375000,27.0
25100,1518.381225585937,27.0
25200,1518.130859375000,27.0
25300,1518.443725585937,27.0
25400,1517.317504882812,27.0
25500,1517.755493164062,27.0
25600,1517.317504882812,27.0
25700,1517.442504882812,27.0
25800,1517.692993164062,27.0
25900,1517.880615234375,27.0
26000,1517.755493164062,27.0
26100,1517.818115234375,27.0
26200,1516.817016601562,27.0
26300,1517.317504882812,27.0
26400,1516.254028320312,27.0
26500,1516.879638671875,27.0
26600,1517.192382812500,27.0
26700,1516.817016601562,27.0
26800,1516.379150390625,27.0
26900,1516.629394531250,27.0
27000,1516.566772460937,26.9
27100,1515.878906250000,26.9
27200,1516.754516601562,26.9
27300,1516.629394531250,26.9
27400,1515.566162109375,26.9
27500,1515.753906250000,26.9
27600,1516.191528320312,26.9
27700,1516.504150390625,26.9
27800,1516.066528320312,26.9
27900,1516.379150390625,26.9
28000,1515.878906250000,26.9
28100,1515.753906250000,26.9
28200,1515.816406250000,26.9
28300,1514.440795898437,26.9
28400,1515.566162109375,26.9
28500,1514.128417968750,26.9
28600,1515.441162109375,26.9
28700,1515.128540039062,26.9
28800,1515.441162109375,26.9
28900,1514.565795898437,26.9
29000,1515.378540039062,26.9
29100,1515.691284179687,26.9
29200,1515.441162109375,26.9
29300,1515.503662109375,26.9
29400,1515.441162109375,26.9
29500,1515.066040039062,26.9
29600,1515.316040039062,26.9
29700,1514.941040039062,26.9
29800,1515.191040039062,26.9
29900,1514.878540039062,26.9
30000,1515.191040039062,26.9
30100,1515.191040039062,26.9
30200,1515.066040039062,26.9
30300,1514.941040039062,26.9
30400,1515.066040039062,26.9
30500,1514.503295898437,26.9
30600,1514.753540039062,26.9
30700,1514.440795898437,26.9
30800,1514.565795898437,26.9
30900,1514.503295898437,26.9
31000,1514.315917968750,26.9
31100,1514.128417968750,26.9
31200,1514.378417968750,26.9
31300,1514.503295898437,26.9
31400,1514.003417968750,26.9
31500,1514.941040039062,26.9
31600,1514.378417968750,26.9
31700,1514.065917968750,26.9
31800,1513.753540039062,26.9
31900,1514.503295898437,26.9
32000,1514.440795898437,26.9
32100,1514.128417968750,26.9
32200,1514.753540039062,26.9
32300,1514.628540039062,26.9
32400,1514.753540039062,26.9
32500,1514.440795898437,26.9
32600,1514.440795898437,26.9
32700,1514.065917968750,26.9
32800,1514.628540039062,26.9
32900,1514.378417968750,26.9
33000,1513.628540039062,26.9
33100,1513.628540039062,26.9
33200,1513.691040039062,26.9
33300,1514.003417968750,26.9
33400,1513.815917968750,26.9
33500,1513.753540039062,26.9
33600,1513.378417968750,26.9
33700,1513.440917968750,26.9
33800,1513.378417968750,26.9
33900,1513.503417968750,26.9
34000,1513.253540039062,26.9
34100,1513.003662109375,26.9
34200,1513.378417968750,26.9
34300,1513.066162109375,26.9
34400,1513.066162109375,26.9
34500,1512.503784179687,26.9
34600,1510.443115234375,26.9
34700,1510.880249023437,26.9
34800,1510.567993164062,26.9
34900,1511.317138671875,26.9
35000,1511.254760742187,26.9
35100,1511.629516601562,26.9
35200,1511.442016601562,26.9
35300,1510.630493164062,26.9
35400,1509.444458007812,26.9
35500,1509.506835937500,26.9
35600,1509.444458007812,26.9
35700,1509.070190429687,26.9
35800,1508.758178710937,26.9
35900,1508.820556640625,26.9
36000,1508.633422851562,26.9
36100,1508.383789062500,26.9
36200,1507.822509765625,26.9
36300,1506.700073242187,26.9
36400,1506.512817382812,26.9
36500,1505.390869140625,26.9
36600,1504.892456054687,26.9
36700,1504.020141601562,26.9
36800,1503.272583007812,26.9
36900,1502.214111328125,26.9
37000,1501.155883789062,26.9
37100,1500.098022460937,26.9
37200,1498.854003906250,26.9
37300,1497.423828125000,26.9
37400,1495.621704101562,26.9
37500,1493.944824218750,26.9
37600,1492.020385742187,26.9
37700,1490.345336914062,26.9
37800,1488.175537109375,26.9
37900,1486.007202148437,26.9
38000,1483.345214843750,26.9
38100,1480.809082031250,26.9
38200,1478.090087890625,26.9
38300,1474.694335937500,26.9
38400,1471.918823242187,26.9
38500,1468.345336914062,26.9
38600,1464.529663085937,26.9
38700,1460.289062500000,26.9
38800,1455.870361328125,26.9
38900,1450.968139648437,26.9
39000,1445.767944335937,26.9
39100,1440.149291992187,26.9
39200,1434.054077148437,26.9
39300,1427.606323242187,26.9
39400,1420.626586914062,26.9
39500,1413.299804687500,26.9
39600,1405.327026367187,26.9
39700,1396.954223632812,26.9
39800,1388.004272460937,26.9
39900,1378.064331054687,26.9
40000,1367.501464843750,26.9
40100,1356.085327148437,26.9
40200,1344.593994140625,26.9
40300,1332.734008789062,26.9
40400,1318.340820312500,26.9
40500,1304.308349609375,26.9
40600,1289.006225585937,26.9
40700,1273.147216796875,26.9
40800,1255.822387695312,26.9
40900,1238.312988281250,26.9
41000,1218.412231445312,26.9
41100,1198.307373046875,26.9
41200,1177.444946289062,26.9
41300,1155.565429687500,26.9
41400,1132.252563476562,26.9
41500,1107.379394531250,26.9
41600,1082.772583007812,26.9
41700,1054.836914062500,27.0
41800,1027.011962890625,27.0
41900,997.302856445312,27.0
42000,968.161804199218,27.0
42100,936.132080078125,27.0
42200,903.346862792968,27.0
42300,871.293945312500,27.0
42400,835.096191406250,27.0
42500,800.541687011718,27.0
42600,763.135131835937,27.0
42700,731.572509765625,27.0
42800,690.445739746093,27.0
42900,649.200378417968,27.0
43000,605.261779785156,27.0
43100,570.827514648437,27.0
43200,524.416870117187,27.0
43300,477.953948974609,27.0
43400,435.891479492187,27.0
43500,392.331176757812,27.0
43600,355.857971191406,27.0
43700,309.062652587890,27.0
43800,268.626068115234,27.0
43900,226.056823730468,27.0
44000,197.269104003906,27.0
44100,172.878265380859,27.0
44200,156.448303222656,27.0
44300,143.422241210937,27.0
44400,130.466247558593,27.0
44500,123.018951416015,27.0
44600,115.931671142578,27.0
44700,111.405303955078,27.0
44800,105.284042358398,27.0
44900,99.587455749511,27.0
45000,96.168586730957,27.0
45100,91.976020812988,27.0
45200,88.160903930664,27.0
45300,84.536643981933,27.0
45400,81.471435546875,27.0
45500,78.299591064453,27.0
45600,75.500099182128,27.0
45700,72.556823730468,27.0
45800,70.204833984375,27.0
45900,67.121376037597,27.0
46000,64.554885864257,27.0
46100,61.954566955566,27.0
46200,59.722778320312,27.0
46300,56.872066497802,27.0
46400,54.316658020019,27.0
46500,51.946254730224,27.0
46600,49.323348999023,27.0
46700,46.957950592041,27.0
46800,44.485912322998,27.0
46900,42.161651611328,27.0
47000,39.875942230224,27.0
47100,37.773597717285,27.1
47200,35.600727081298,27.1
47300,33.502201080322,27.1
47400,31.550071716308,27.1
47500,29.563457489013,27.1
47600,28.011461257934,27.1
47700,26.208093643188,27.1
47800,24.622278213500,27.1
47900,22.965520858764,27.1
48000,21.453853607177,27.1
48100,20.086990356445,27.1
48200,18.828741073608,27.1
48300,17.463407516479,27.1
48400,16.278366088867,27.1
48500,15.273345947265,27.1
48600,14.197016716003,27.1
48700,13.336310386657,27.1
48800,12.583449363708,27.1
48900,11.687504768371,27.1
49000,10.899353981018,27.1
49100,10.183084487915,27.1
49200,9.467034339904,27.1
49300,8.822776794433,27.1
49400,8.286031723022,27.1
49500,7.677866935729,27.1
49600,7.248670578002,27.1
49700,6.748039722442,27.1
49800,6.319014072418,27.1
49900,5.854324340820,27.1
50000,5.461197376251,27.1
50100,5.139596939086,27.1
50200,4.782314777374,27.1
50300,4.496529102325,27.1
50400,4.175061702728,27.1
50500,3.960773944854,27.1
50600,3.746506929397,27.1
50700,3.532258749008,27.1
50800,3.246625423431,27.1
50900,3.032423257827,27.2
51000,2.818240928649,27.1
51100,2.639770269393,27.2
51200,2.461313724517,27.2
51300,2.318557977676,27.2
51400,2.175811052322,27.2
51500,2.033072710037,27.2
51600,1.890343284606,27.2
51700,1.783301925659,27.2
51800,1.676265335083,27.2
51900,1.569233798980,27.2
52000,1.462207221984,27.2
52100,1.355185389518,27.2
52200,1.248168468475,27.2
52300,1.176826477050,27.2
52400,1.105486869812,27.2
52500,1.034149408340,27.2
52600,0.962814044952,27.2
52700,0.927147197723,27.2
52800,0.855815124511,27.2
52900,0.784485149383,27.2
53000,0.713157463073,27.2
53100,0.677494478225,27.2
53200,0.641831922531,27.2
53300,0.570508527755,27.2
53400,0.534847688674,27.2
53500,0.499187374114,27.2
53600,0.463527631759,27.2
53700,0.427868366241,27.2
53800,0.392209644317,27.2
53900,0.356551527976,27.2
54000,0.320893907546,27.2
54100,0.285236854553,27.2
54200,0.285236854553,27.2
54300,0.249580359458,27.2
54400,0.249580359458,27.2
54500,0.213924384117,27.3
54600,0.178268957138,27.3
54700,0.142614078521,27.3
54800,0.142614078521,27.3
54900,0.106959748268,27.3
55000,0.106959748268,27.3
55100,0.106959748268,27.3
55200,0.071305952072,27.3
55300,0.071305952072,27.3
55400,0.035652704238,27.3
55500,0.035652704238,27.3
55600,0.000000000000,27.3
55700,0.000000000000,27.3
55800,-0.035652160644,27.3
55900,-0.035652160644,27.3
56000,-0.035652160644,27.3
56100,-0.071303777694,27.3
56200,-0.071303777694,27.3
56300,-0.071303777694,27.3
56400,-0.071303777694,27.3
56500,-0.106954848766,27.3
56600,-0.106954848766,27.3
56700,-0.106954848766,27.3
56800,-0.142605376243,27.3
56900,-0.106954848766,27.3
57000,-0.142605376243,27.3
57100,-0.142605376243,27.3
57200,-0.142605376243,27.3
57300,-0.142605376243,27.4
57400,-0.178255367279,27.4
57500,-0.178255367279,27.4
57600,-0.178255367279,27.4
57700,-0.178255367279,27.4
57800,-0.178255367279,27.4
57900,-0.178255367279,27.4
58000,-0.213904809951,27.4
58100,-0.213904809951,27.4
58200,-0.213904809951,27.4
58300,-0.213904809951,27.4
58400,-0.249553704261,27.4
58500,-0.213904809951,27.4
58600,-0.249553704261,27.4
58700,-0.249553704261,27.4
58800,-0.249553704261,27.4
58900,-0.249553704261,27.4
59000,-0.249553704261,27.4
59100,-0.285202045440,27.4
59200,-0.285202045440,27.4
59300,-0.285202045440,27.4
59400,-0.285202045440,27.4
59500,-0.285202045440,27.4
59600,-0.285202045440,27.4
59700,-0.285202045440,27.5
59800,-0.285202045440,27.5
59900,-0.320849871635,27.5
60000,-0.320849871635,27.5
60100,-0.320849871635,27.5
60200,-0.320849871635,27.5
60300,-0.320849871635,27.5
60400,-0.320849871635,27.5
60500,-0.320849871635,27.5
60600,-0.320849871635,27.5
60700,-0.356497097015,27.5
60800,-0.356497097015,27.5
60900,-0.356497097015,27.5
61000,-0.356497097015,27.5
61100,-0.356497097015,27.5
61200,-0.356497097015,27.5
61300,-0.356497097015,27.5
61400,-0.392143840789,27.5
61500,-0.392143840789,27.5
61600,-0.392143840789,27.5
61700,-0.392143840789,27.5
61800,-0.392143840789,27.5
61900,-0.392143840789,27.5
62000,-0.392143840789,27.6
62100,-0.427790069580,27.5
62200,-0.427790069580,27.6
62300,-0.427790069580,27.6
62400,-0.427790069580,27.6
62500,-0.427790069580,27.6
62600,-0.427790069580,27.6
62700,-0.427790069580,27.6
62800,-0.427790069580,27.6
62900,-0.427790069580,27.6
63000,-0.463435697555,27.6
63100,-0.463435697555,27.6
63200,-0.463435697555,27.6
63300,-0.463435697555,27.6
63400,-0.463435697555,27.6
63500,-0.463435697555,27.6
63600,-0.463435697555,27.6
63700,-0.463435697555,27.6
63800,-0.499080753326,27.6
63900,-0.499080753326,27.6
64000,-0.499080753326,27.6
64100,-0.499080753326,27.6
64200,-0.499080753326,27.7
64300,-0.499080753326,27.7
64400,-0.499080753326,27.7
64500,-0.499080753326,27.7
64600,-0.534725236892,27.7
64700,-0.534725236892,27.7
64800,-0.534725236892,27.7
64900,-0.534725236892,27.7
65000,-0.534725236892,27.7
65100,-0.534725236892,27.7
65200,-0.534725236892,27.7
65300,-0.570369291305,27.7
65400,-0.570369291305,27.7
65500,-0.570369291305,27.7
64,1580.200927734375,27.7
164,1580.073242187500,27.7
264,1579.435058593750,27.7
364,1579.243530273437,27.6
464,1578.477783203125,27.6
564,1578.605468750000,27.6
664,1577.967407226562,27.6
764,1577.839721679687,27.6
864,1577.265625000000,27.6
964,1576.627929687500,27.6
1064,1576.436767578125,27.6
1164,1575.862792968750,27.6
1264,1575.862792968750,27.6
1364,1575.416625976562,27.6
1464,1575.225341796875,27.6
1564,1574.779174804687,27.6
1664,1574.333251953125,27.6
1764,1573.759765625000,27.6
1864,1573.377563476562,27.6
1964,1573.250000000000,27.6
2064,1572.485839843750,27.6
2164,1572.549438476562,27.6
2264,1571.785278320312,27.6
2364,1571.785278320312,27.5
2464,1571.403442382812,27.5
2564,1571.021362304687,27.5
2664,1570.321044921875,27.5
2764,1570.321044921875,27.5
2864,1569.684814453125,27.5
2964,1569.239379882812,27.5
3064,1569.175781250000,27.5
3164,1568.539794921875,27.5
3264,1568.221679687500,27.5
3364,1567.649414062500,27.5
3464,1567.649414062500,27.5
3564,1567.522216796875,27.5
3664,1566.822875976562,27.5
3764,1566.441528320312,27.5
3864,1566.250732421875,27.5
3964,1566.060180664062,27.5
4064,1565.297729492187,27.5
4164,1565.424804687500,27.5
4264,1564.789428710937,27.5
4364,1564.725830078125,27.4
4464,1563.773071289062,27.4
4564,1563.455688476562,27.4
4664,1563.201538085937,27.4
4764,1562.947631835937,27.4
4864,1562.376342773437,27.4
4964,1562.376342773437,27.4
5064,1562.122314453125,27.4
5164,1560.789794921875,27.4
5264,1561.424316406250,27.4
5364,1560.853149414062,27.4
5464,1560.916625976562,27.4
5564,1560.726318359375,27.4
5664,1560.345703125000,27.4
5764,1560.155273437500,27.4
5864,1559.584594726562,27.4
5964,1559.457763671875,27.4
6064,1558.886962890625,27.4
6164,1558.760131835937,27.4
6264,1557.999389648437,27.4
6364,1557.872680664062,27.4
6464,1557.999389648437,27.4
6564,1557.619140625000,27.3
6664,1556.668579101562,27.3
6764,1556.415161132812,27.3
6864,1555.908325195312,27.3
6964,1555.211669921875,27.3
7064,1555.084838867187,27.3
7164,1554.831542968750,27.3
7264,1554.008422851562,27.3
7364,1553.312255859375,27.3
7464,1553.375610351562,27.3
7564,1552.805908203125,27.3
7664,1552.742675781250,27.3
7764,1552.869140625000,27.3
7864,1552.742675781250,27.3
7964,1552.109985351562,27.3
8064,1551.983276367187,27.3
8164,1552.679321289062,27.3
8264,1551.793579101562,27.3
8364,1551.920043945312,27.3
8464,1551.540527343750,27.3
8564,1551.224365234375,27.3
8664,1551.161132812500,27.3
8764,1550.655029296875,27.3
8864,1550.338867187500,27.3
8964,1550.022705078125,27.3
9064,1550.275634765625,27.2
9164,1549.706542968750,27.2
9264,1549.580200195312,27.2
9364,1549.327392578125,27.2
9464,1549.200927734375,27.2
9564,1548.884765625000,27.2
9664,1548.126586914062,27.2
9764,1547.684204101562,27.2
9864,1547.178955078125,27.2
9964,1547.052612304687,27.2
10064,1546.673461914062,27.2
10164,1546.610351562500,27.2
10264,1546.105224609375,27.2
10364,1546.105224609375,27.2
10464,1545.789428710937,27.2
10564,1545.473754882812,27.2
10664,1545.284423828125,27.2
10764,1544.968627929687,27.2
10864,1544.652954101562,27.2
10964,1544.274291992187,27.2
11064,1544.274291992187,27.2
11164,1543.832519531250,27.2
11264,1543.706298828125,27.2
11364,1543.453979492187,27.2
11464,1542.949218750000,27.1
11564,1543.012329101562,27.1
11664,1542.760009765625,27.1
11764,1542.507690429687,27.1
11864,1542.066162109375,27.1
11964,1542.003051757812,27.1
12064,1541.498657226562,27.1
12164,1541.246582031250,27.1
12264,1540.742187500000,27.1
12364,1540.994262695312,27.1
12464,1540.742187500000,27.1
12564,1540.489990234375,27.1
12664,1540.301025390625,27.1
12764,1539.985717773437,27.1
12864,1539.733642578125,27.1
12964,1539.292724609375,27.1
13064,1539.229614257812,27.1
13164,1538.788574218750,27.1
13264,1538.347656250000,27.1
13364,1537.969604492187,27.1
13464,1537.654785156250,27.1
13564,1537.339965820312,27.1
13664,1537.402954101562,27.1
13764,1537.402954101562,27.1
13864,1537.151123046875,27.1
13964,1537.025024414062,27.1
14064,1536.080810546875,27.0
14164,1536.332641601562,27.1
14264,1535.829101562500,27.0
14364,1535.954956054687,27.0
14464,1535.891967773437,27.0
14564,1535.640258789062,27.0
14664,1535.325683593750,27.0
14764,1535.136962890625,27.0
14864,1534.885131835937,27.0
14964,1533.878540039062,27.0
15064,1534.444824218750,27.0
15164,1534.004394531250,27.0
15264,1534.130249023437,27.0
15364,1533.627075195312,27.0
15464,1533.627075195312,27.0
15564,1533.375488281250,27.0
15664,1533.124023437500,27.0
15764,1533.186889648437,27.0
15864,1532.872314453125,27.0
15964,1532.557983398437,27.0
16064,1532.118041992187,27.0
16164,1531.803588867187,27.0
16264,1531.300903320312,27.0
16364,1531.426513671875,27.0
16464,1531.426513671875,27.0
16564,1531.929321289062,27.0
16664,1531.740722656250,27.0
16764,1531.489379882812,27.0
16864,1531.238037109375,27.0
16964,1530.860961914062,27.0
17064,1530.860961914062,27.0
17164,1530.232666015625,27.0
17264,1530.546752929687,27.0
17364,1530.169921875000,27.0
17464,1530.044067382812,27.0
17564,1529.792846679687,27.0
17664,1529.792846679687,27.0
17764,1529.353271484375,26.9
17864,1529.102050781250,26.9
17964,1528.913574218750,26.9
18064,1528.160156250000,26.9
18164,1528.160156250000,26.9
18264,1527.406860351562,26.9
18364,1527.469604492187,26.9
18464,1527.344116210937,26.9
18564,1527.093017578125,26.9
18664,1526.967407226562,26.9
18764,1526.528198242187,26.9
18864,1526.402709960937,26.9
18964,1526.026123046875,26.9
19064,1526.465454101562,26.9
19164,1526.026123046875,26.9
19264,1526.026123046875,26.9
19364,1525.524414062500,26.9
19464,1525.524414062500,26.9
19564,1525.461669921875,26.9
19664,1524.771728515625,26.9
19764,1525.273559570312,26.9
19864,1524.834350585937,26.9
19964,1524.959838867187,26.9
20064,1524.646240234375,26.9
20164,1524.646240234375,26.9
20264,1524.332763671875,26.9
20364,1524.646240234375,26.9
20464,1524.332763671875,26.9
20564,1524.144653320312,26.9
20664,1524.019165039062,26.9
20764,1523.831054687500,26.9
20864,1523.580322265625,26.9
20964,1523.329711914062,26.9
21064,1523.329711914062,26.9
21164,1523.016113281250,26.9
21264,1523.078979492187,26.9
21364,1522.828125000000,26.8
21464,1522.702758789062,26.8
21564,1522.702758789062,26.8
21664,1522.514770507812,26.8
21764,1522.389526367187,26.8
21864,1522.076293945312,26.8
21964,1522.076293945312,26.8
22064,1521.512329101562,26.8
22164,1521.261718750000,26.8
22264,1520.760620117187,26.8
22364,1520.823242187500,26.8
22464,1521.073852539062,26.8
22564,1521.261718750000,26.8
22664,1520.948486328125,26.8
22764,1520.948486328125,26.8
22864,1520.384887695312,26.8
22964,1520.134399414062,26.8
23064,1520.384887695312,26.8
23164,1520.009033203125,26.8
23264,1520.197021484375,26.8
23364,1519.883789062500,26.8
23464,1520.071777343750,26.8
23564,1519.821166992187,26.8
23664,1519.696044921875,26.8
23764,1518.756835937500,26.8
23864,1518.944580078125,26.8
23964,1518.881958007812,26.8
24064,1518.756835937500,26.8
24164,1519.132690429687,26.8
24264,1518.819458007812,26.8
24364,1519.007324218750,26.8
24464,1518.694213867187,26.8
24564,1518.631713867187,26.8
24664,1518.506347656250,26.8
24764,1518.318603515625,26.8
24864,1518.631713867187,26.8
24964,1517.692993164062,26.8
25064,1517.943237304687,26.8
25164,1517.567626953125,26.8
25264,1517.692993164062,26.8
25364,1517.880615234375,26.8
25464,1518.005737304687,26.8
25564,1517.943237304687,26.8
25664,1517.880615234375,26.8
25764,1517.943237304687,26.8
25864,1517.818115234375,26.8
25964,1517.880615234375,26.8
26064,1517.505126953125,26.8
26164,1517.692993164062,26.8
26264,1517.380004882812,26.8
26364,1517.943237304687,26.8
26464,1517.880615234375,26.8
26564,1517.755493164062,26.8
26664,1517.755493164062,26.8
26764,1517.755493164062,26.7
26864,1517.567626953125,26.8
26964,1517.317504882812,26.7
27064,1517.442504882812,26.7
27164,1517.129760742187,26.7
27264,1516.879638671875,26.7
27364,1516.692016601562,26.7
27464,1516.629394531250,26.7
27564,1516.441650390625,26.7
27664,1516.379150390625,26.7
27764,1516.316650390625,26.7
27864,1516.129028320312,26.7
27964,1516.316650390625,26.7
28064,1515.941406250000,26.7
28164,1516.129028320312,26.7
28264,1515.878906250000,26.7
28364,1516.066528320312,26.7
28464,1515.941406250000,26.7
28564,1516.003906250000,26.7
28664,1515.878906250000,26.7
28764,1515.753906250000,26.7
28864,1515.441162109375,26.7
28964,1515.191040039062,26.7
29064,1515.628784179687,26.7
29164,1515.378540039062,26.7
29264,1515.441162109375,26.7
29364,1515.378540039062,26.7
29464,1515.441162109375,26.7
29564,1515.441162109375,26.7
29664,1515.316040039062,26.7
29764,1515.378540039062,26.7
29864,1515.128540039062,26.7
29964,1515.253540039062,26.7
30064,1515.003540039062,26.7
30164,1515.128540039062,26.7
30264,1514.941040039062,26.7
30364,1515.191040039062,26.7
30464,1515.191040039062,26.7
30564,1515.128540039062,26.7
30664,1515.003540039062,26.7
30764,1514.941040039062,26.7
30864,1514.878540039062,26.7
30964,1513.940917968750,26.7
31064,1514.253417968750,26.7
31164,1514.003417968750,26.7
31264,1514.565795898437,26.7
31364,1514.378417968750,26.7
31464,1514.503295898437,26.7
31564,1514.378417968750,26.7
31664,1513.878417968750,26.7
31764,1514.440795898437,26.7
31864,1513.940917968750,26.7
31964,1514.440795898437,26.7
32064,1514.190917968750,26.7
32164,1514.315917968750,26.7
32264,1514.128417968750,26.7
32364,1514.253417968750,26.7
32464,1514.253417968750,26.7
32564,1514.253417968750,26.7
32664,1514.378417968750,26.7
32764,1514.315917968750,26.7
32864,1514.253417968750,26.7
32964,1514.065917968750,26.7
33064,1514.128417968750,26.7
33164,1513.815917968750,26.7
33264,1513.940917968750,26.7
33364,1513.878417968750,26.7
33464,1513.815917968750,26.7
33564,1513.815917968750,26.7
33664,1513.316040039062,26.7
33764,1513.253540039062,26.7
33864,1513.003662109375,26.7
33964,1513.066162109375,26.7
34064,1512.503784179687,26.7
34164,1512.503784179687,26.7
34264,1512.816284179687,26.7
34364,1512.941162109375,26.7
34464,1512.941162109375,26.7
34564,1512.753784179687,26.7
34664,1512.628906250000,26.7
34764,1512.441284179687,26.7
34864,1512.254028320312,26.7
34964,1511.816894531250,26.7
35064,1511.816894531250,26.7
35164,1511.379638671875,26.7
35264,1511.379638671875,26.7
35364,1510.942626953125,26.7
35464,1510.817749023437,26.7
35564,1510.817749023437,26.7
35664,1510.567993164062,26.7
35764,1510.131103515625,26.7
35864,1509.569213867187,26.7
35964,1509.194946289062,26.7
36064,1508.508544921875,26.7
36164,1508.321411132812,26.7
36264,1507.448120117187,26.7
36364,1507.074096679687,26.7
36464,1506.388183593750,26.7
36564,1505.640258789062,26.7
36664,1504.830078125000,26.7
36764,1503.957885742187,26.7
36864,1502.961303710937,26.7
36964,1501.653930664062,26.7
37064,1500.782592773437,26.7
37164,1499.289306640625,26.7
37264,1498.169921875000,26.7
37364,1496.678100585937,26.7
37464,1495.186889648437,26.7
37564,1493.510131835937,26.7
37664,1491.648071289062,26.7
37764,1489.663208007812,26.7
37864,1487.369873046875,26.7
37964,1485.140258789062,26.7
38064,1482.479003906250,26.7
38164,1479.820068359375,26.7
38264,1476.731201171875,26.7
38364,1473.645507812500,26.7
38464,1470.254882812500,26.7
38564,1466.498291015625,26.7
38664,1462.439331054687,26.7
38764,1458.078857421875,26.7
38864,1453.418212890625,26.7
38964,1448.336303710937,26.7
39064,1442.896240234375,26.7
39164,1437.039306640625,26.7
39264,1430.707031250000,26.7
39364,1424.023559570312,26.7
39464,1416.688476562500,26.7
39564,1409.069213867187,26.7
39664,1400.926879882812,26.7
39764,1391.965209960937,26.7
39864,1382.371582031250,26.7
39964,1371.913208007812,26.7
40064,1361.193603515625,26.7
40164,1349.268188476562,26.7
40264,1337.389770507812,26.7
40364,1324.500976562500,26.7
40464,1309.971923828125,26.7
40564,1295.513061523437,26.7
40664,1279.098876953125,26.7
40764,1262.544555664062,26.7
40864,1244.938354492187,26.7
40964,1227.038452148437,26.7
41064,1206.874755859375,26.7
41164,1187.016479492187,26.7
41264,1164.842773437500,26.7
41364,1142.063110351562,26.7
41464,1117.543945312500,26.7
41564,1092.687866210937,26.7
41664,1066.268920898437,26.7
41764,1038.705932617187,26.7
41864,1011.142578125000,26.7
41964,981.180786132812,26.7
42064,951.894653320312,26.7
42164,918.619140625000,26.7
42264,887.198486328125,26.7
42364,853.783996582031,26.7
42464,819.438537597656,26.7
42564,782.843200683593,26.7
42664,745.533569335937,26.7
42764,705.517211914062,26.7
42864,665.715270996093,26.7
42964,626.635620117187,26.7
43064,583.698852539062,26.7
43164,543.184204101562,26.7
43264,498.350738525390,26.7
43364,456.041748046875,26.7
43464,409.733337402343,26.7
43564,364.792236328125,26.7
43664,320.109741210937,26.7
43764,276.852783203125,26.7
43864,238.588882446289,26.7
43964,205.764892578125,26.7
44064,181.058288574218,26.7
44164,160.755142211914,26.7
44264,146.605804443359,26.7
44364,134.726837158203,26.7
44464,125.611579895019,26.7
44564,118.216804504394,26.7
44664,111.965965270996,26.7
44764,106.477203369140,26.7
44864,101.559242248535,26.7
44964,97.394363403320,26.7
45064,93.273811340332,26.7
45164,89.752876281738,26.7
45264,86.126197814941,26.7
45364,82.985076904296,26.7
45464,79.774353027343,26.7
45564,76.788932800292,26.7
45664,73.917640686035,26.7
45764,71.123298645019,26.7
45864,68.479064941406,26.7
45964,65.727790832519,26.7
46064,63.236053466796,26.7
46164,60.564029693603,26.7
46264,58.150806427001,26.7
46364,55.484504699707,26.7
46464,52.967060089111,26.7
46564,50.525150299072,26.7
46664,48.122154235839,26.7
46764,45.721603393554,26.7
46864,43.396125793457,26.8
46964,41.254356384277,26.8
47064,38.897033691406,26.8
47164,36.831775665283,26.8
47264,34.623592376708,26.8
47364,32.670539855957,26.8
47464,30.646860122680,26.8
47564,28.733192443847,26.8
47664,26.965339660644,26.8
47764,25.270891189575,26.8
47864,23.757738113403,26.8
47964,22.137584686279,26.8
48064,20.806291580200,26.8
48164,19.367910385131,26.8
48264,18.253767013549,26.8
48364,17.032411575317,26.8
48464,15.919381141662,26.8
48564,14.842755317687,26.8
48664,13.838351249694,26.8
48764,12.870224952697,26.8
48864,12.010004997253,26.8
48964,11.257570266723,26.8
49064,10.505379676818,26.8
49164,9.896639823913,26.8
49264,9.180675506591,26.8
49364,8.608062744140,26.8
49464,7.964042663574,26.8
49564,7.463258743286,26.8
49664,6.962583065032,26.8
49764,6.533516883850,26.8
49864,6.104530334472,26.8
49964,5.711360931396,26.8
50064,5.353992462158,26.8
50164,4.960949420928,26.8
50264,4.675141334533,26.8
50364,4.353649139404,26.8
50464,4.067915439605,26.8
50564,3.817927169799,26.8
50664,3.567965269088,26.8
50764,3.353733777999,26.8
50864,3.139521837234,26.8
50964,2.925329685211,26.8
51064,2.746850967407,26.8
51164,2.568386077880,26.8
51264,2.389934539794,26.8
51364,2.247183322906,26.8
51464,2.104440689086,26.8
51564,1.961706924438,26.9
51664,1.818981742858,26.9
51764,1.711943721771,26.9
51864,1.604910469055,26.9
51964,1.497882127761,26.9
52064,1.426532649993,26.9
52164,1.319512486457,26.9
52264,1.248168468475,26.9
52364,1.141156435012,26.9
52464,1.069817781448,26.9
52564,0.998481464385,26.9
52664,0.927147197723,26.9
52764,0.855815124511,26.9
52864,0.820149898529,26.9
52964,0.748821067810,26.9
53064,0.677494478225,26.9
53164,0.641831922531,26.9
53264,0.606169986724,26.9
53364,0.570508527755,26.9
53464,0.534847688674,26.9
53564,0.463527631759,26.9
53664,0.427868366241,26.9
53764,0.427868366241,26.9
53864,0.392209644317,26.9
53964,0.356551527976,26.9
54064,0.320893907546,26.9
54164,0.285236854553,26.9
54264,0.249580359458,26.9
54364,0.249580359458,26.9
54464,0.213924384117,26.9
54564,0.178268957138,26.9
54664,0.178268957138,26.9
54764,0.142614078521,26.9
54864,0.106959748268,27.0
54964,0.106959748268,27.0
55064,0.071305952072,27.0
55164,0.071305952072,27.0
55264,0.071305952072,27.0
55364,0.035652704238,27.0
55464,0.035652704238,27.0
55564,0.000000000000,27.0
55664,0.000000000000,27.0
55764,0.000000000000,27.0
55864,-0.035652160644,27.0
55964,-0.035652160644,27.0
56064,-0.035652160644,27.0
56164,-0.071303777694,27.0
56264,-0.071303777694,27.0
56364,-0.071303777694,27.0
56464,-0.071303777694,27.0
56564,-0.106954848766,27.0
56664,-0.106954848766,27.0
56764,-0.106954848766,27.0
56864,-0.142605376243,27.0
56964,-0.142605376243,27.0
57064,-0.142605376243,27.0
57164,-0.142605376243,27.0
57264,-0.142605376243,27.0
57364,-0.142605376243,27.1
57464,-0.178255367279,27.1
57564,-0.178255367279,27.1
57664,-0.178255367279,27.1
57764,-0.178255367279,27.1
57864,-0.178255367279,27.1
57964,-0.213904809951,27.1
58064,-0.213904809951,27.1
58164,-0.213904809951,27.1
58264,-0.213904809951,27.1
58364,-0.213904809951,27.1
58464,-0.249553704261,27.1
58564,-0.249553704261,27.1
58664,-0.249553704261,27.1
58764,-0.249553704261,27.1
58864,-0.249553704261,27.1
58964,-0.249553704261,27.1
59064,-0.249553704261,27.1
59164,-0.249553704261,27.1
59264,-0.285202045440,27.1
59364,-0.285202045440,27.1
59464,-0.285202045440,27.1
59564,-0.285202045440,27.1
59664,-0.285202045440,27.1
59764,-0.285202045440,27.1
59864,-0.320849871635,27.1
59964,-0.320849871635,27.1
60064,-0.320849871635,27.1
60164,-0.320849871635,27.2
60264,-0.320849871635,27.2
60364,-0.320849871635,27.2
60464,-0.320849871635,27.2
60564,-0.320849871635,27.2
60664,-0.320849871635,27.2
60764,-0.356497097015,27.2
60864,-0.356497097015,27.2
60964,-0.356497097015,27.2
61064,-0.356497097015,27.2
61164,-0.356497097015,27.2
61264,-0.356497097015,27.2
61364,-0.356497097015,27.2
61464,-0.392143840789,27.2
61564,-0.392143840789,27.2
61664,-0.392143840789,27.2
61764,-0.392143840789,27.2
61864,-0.392143840789,27.2
61964,-0.392143840789,27.2
62064,-0.392143840789,27.2
62164,-0.392143840789,27.2
62264,-0.392143840789,27.2
62364,-0.427790069580,27.2
62464,-0.427790069580,27.2
62564,-0.427790069580,27.2
62664,-0.427790069580,27.2
62764,-0.427790069580,27.2
62864,-0.463435697555,27.3
62964,-0.427790069580,27.3
63064,-0.463435697555,27.3
63164,-0.463435697555,27.3
63264,-0.463435697555,27.3
63364,-0.463435697555,27.3
63464,-0.463435697555,27.3
63564,-0.463435697555,27.3
63664,-0.463435697555,27.3
63764,-0.463435697555,27.3
63864,-0.463435697555,27.3
63964,-0.499080753326,27.3
64064,-0.499080753326,27.3
64164,-0.499080753326,27.3
64264,-0.499080753326,27.3
64364,-0.499080753326,27.3
64464,-0.499080753326,27.3
64564,-0.499080753326,27.3
64664,-0.534725236892,27.3
64764,-0.534725236892,27.3
64864,-0.534725236892,27.3
64964,-0.534725236892,27.3
65064,-0.534725236892,27.3
65164,-0.534725236892,27.4
65264,-0.534725236892,27.4
65364,-0.534725236892,27.4
65464,-0.570369291305,27.4
28,1580.584106445312,27.3
128,1580.200927734375,27.3
228,1579.626586914062,27.3
328,1578.733032226562,27.3
428,1578.350097656250,27.3
528,1577.520874023437,27.3
628,1578.222534179687,27.3
728,1577.648437500000,27.3
828,1577.584716796875,27.3
928,1577.138061523437,27.3
1028,1575.926513671875,27.2
1128,1576.309082031250,27.2
1228,1575.480346679687,27.2
1328,1575.607910156250,27.2
1428,1574.906616210937,27.2
1528,1574.779174804687,27.2
1628,1574.205688476562,27.2
1728,1574.014526367187,27.2
1828,1573.441284179687,27.2
1928,1573.186279296875,27.2
2028,1572.931518554687,27.2
2128,1572.485839843750,27.2
2228,1572.167358398437,27.2
2328,1571.848999023437,27.2
2428,1571.530761718750,27.2
2528,1570.766845703125,27.2
2628,1570.766845703125,27.2
2728,1570.193725585937,27.2
2828,1570.002929687500,27.2
2928,1569.684814453125,27.1
3028,1568.857788085937,27.1
3128,1568.539794921875,27.1
3228,1568.094482421875,27.1
3328,1567.776611328125,27.1
3428,1567.649414062500,27.1
3528,1567.585815429687,27.1
3628,1566.950073242187,27.1
3728,1566.886474609375,27.1
3828,1566.441528320312,27.1
3928,1566.314453125000,27.1
4028,1565.869506835937,27.1
4128,1565.551879882812,27.1
4228,1565.297729492187,27.1
4328,1564.852905273437,27.1
4428,1564.598876953125,27.1
4528,1564.027099609375,27.1
4628,1563.963623046875,27.1
4728,1563.392211914062,27.1
4828,1563.011108398437,27.0
4928,1562.503295898437,27.0
5028,1562.503295898437,27.0
5128,1562.249389648437,27.0
5228,1561.868530273437,27.0
5328,1561.678100585937,27.0
5428,1561.106933593750,27.0
5528,1560.980102539062,27.0
5628,1560.472656250000,27.0
5728,1560.345703125000,27.0
5828,1559.838256835937,27.0
5928,1559.711425781250,27.0
6028,1559.394287109375,27.0
6128,1559.013793945312,27.0
6228,1558.760131835937,27.0
6328,1558.443237304687,27.0
6428,1558.126098632812,27.0
6528,1557.619140625000,27.0
6628,1557.555786132812,27.0
6728,1557.048706054687,27.0
6828,1556.921997070312,26.9
6928,1556.605224609375,26.9
7028,1556.351806640625,26.9
7128,1556.034912109375,26.9
7228,1555.718261718750,26.9
7328,1555.401611328125,26.9
7428,1554.958251953125,26.9
7528,1554.831542968750,26.9
7628,1554.325073242187,26.9
7728,1554.261840820312,26.9
7828,1553.755249023437,26.9
7928,1553.628662109375,26.9
8028,1553.375610351562,26.9
8128,1553.058959960937,26.9
8228,1552.742675781250,26.9
8328,1552.426269531250,26.9
8428,1552.173217773437,26.9
8528,1551.666992187500,26.9
8628,1551.666992187500,26.9
8728,1551.161132812500,26.9
8828,1551.034423828125,26.8
8928,1550.465332031250,26.8
9028,1549.769775390625,26.8
9128,1549.516967773437,26.8
9228,1549.327392578125,26.8
9328,1549.453735351562,26.8
9428,1549.074584960937,26.8
9528,1548.947998046875,26.8
9628,1548.379272460937,26.8
9728,1547.557861328125,26.8
9828,1547.621093750000,26.8
9928,1547.368408203125,26.8
10028,1547.557861328125,26.8
10128,1547.178955078125,26.8
10228,1546.926147460937,26.8
10328,1546.673461914062,26.8
10428,1546.357788085937,26.8
10528,1545.789428710937,26.8
10628,1545.789428710937,26.8
10728,1545.347534179687,26.8
10828,1545.410644531250,26.8
10928,1545.031982421875,26.8
11028,1544.905517578125,26.8
11128,1544.589843750000,26.8
11228,1544.211181640625,26.8
11328,1544.021728515625,26.8
11428,1543.517089843750,26.8
11528,1543.517089843750,26.7
11628,1542.823120117187,26.7
11728,1542.633911132812,26.7
11828,1542.066162109375,26.7
11928,1542.066162109375,26.7
12028,1541.750854492187,26.7
12128,1541.876953125000,26.7
12228,1541.624755859375,26.7
12328,1541.372680664062,26.7
12428,1541.183471679687,26.7
12528,1540.616088867187,26.7
12628,1540.742187500000,26.7
12728,1540.301025390625,26.7
12828,1540.237915039062,26.7
12928,1539.922729492187,26.7
13028,1539.733642578125,26.7
13128,1539.544677734375,26.7
13228,1539.229614257812,26.7
13328,1539.040527343750,26.7
13428,1538.599609375000,26.7
13528,1538.599609375000,26.7
13628,1538.095581054687,26.7
13728,1538.095581054687,26.7
13828,1537.654785156250,26.7
13928,1537.654785156250,26.7
14028,1537.339965820312,26.7
14128,1537.151123046875,26.6
14228,1536.962158203125,26.6
14328,1536.710327148437,26.6
14428,1536.458618164062,26.6
14528,1536.080810546875,26.6
14628,1536.080810546875,26.6
14728,1535.640258789062,26.6
14828,1535.577392578125,26.6
14928,1535.325683593750,26.6
15028,1535.136962890625,26.6
15128,1534.885131835937,26.6
15228,1534.633544921875,26.6
15328,1534.444824218750,26.6
15428,1534.130249023437,26.6
15528,1534.067260742187,26.6
15628,1533.627075195312,26.6
15728,1533.627075195312,26.6
15828,1533.186889648437,26.6
15928,1533.186889648437,26.6
16028,1532.935180664062,26.6
16128,1532.809448242187,26.6
16228,1532.683715820312,26.6
16328,1532.495117187500,26.6
16428,1532.432373046875,26.6
16528,1532.118041992187,26.6
16628,1532.055053710937,26.6
16728,1531.615112304687,26.6
16828,1531.615112304687,26.6
16928,1531.363769531250,26.6
17028,1531.175170898437,26.5
17128,1530.986572265625,26.5
17228,1530.798095703125,26.5
17328,1530.609619140625,26.5
17428,1530.232666015625,26.5
17528,1529.855712890625,26.5
17628,1529.102050781250,26.5
17728,1529.164916992187,26.5
17828,1528.662353515625,26.5
17928,1529.102050781250,26.5
18028,1529.164916992187,26.5
18128,1529.039184570312,26.5
18228,1528.850708007812,26.5
18328,1528.348510742187,26.5
18428,1528.285766601562,26.5
18528,1527.532348632812,26.5
18628,1527.971679687500,26.5
18728,1527.657836914062,26.5
18828,1527.783447265625,26.5
18928,1527.344116210937,26.5
19028,1527.406860351562,26.5
19128,1527.218627929687,26.5
19228,1527.093017578125,26.5
19328,1526.841918945312,26.5
19428,1526.590942382812,26.5
19528,1526.653686523437,26.5
19628,1526.339965820312,26.5
19728,1526.402709960937,26.5
19828,1525.838012695312,26.5
19928,1525.963378906250,26.4
20028,1525.838012695312,26.4
20128,1525.712524414062,26.4
20228,1525.461669921875,26.4
20328,1525.210815429687,26.4
20428,1524.771728515625,26.4
20528,1524.332763671875,26.4
20628,1524.646240234375,26.4
20728,1524.019165039062,26.4
20828,1524.583618164062,26.4
20928,1524.395507812500,26.4
21028,1524.458129882812,26.4
21128,1524.270019531250,26.4
21228,1524.082031250000,26.4
21328,1523.956420898437,26.4
21428,1523.580322265625,26.4
21528,1523.643066406250,26.4
21628,1523.329711914062,26.4
21728,1523.392333984375,26.4
21828,1523.016113281250,26.4
21928,1523.141601562500,26.4
22028,1522.953491210937,26.4
22128,1522.765502929687,26.4
22228,1522.702758789062,26.4
22328,1522.514770507812,26.4
22428,1522.452148437500,26.4
22528,1522.013427734375,26.4
22628,1522.201538085937,26.4
22728,1521.888183593750,26.4
22828,1521.950805664062,26.4
22928,1521.762817382812,26.4
23028,1521.637573242187,26.4
23128,1521.574951171875,26.4
23228,1521.386962890625,26.4
23328,1521.324340820312,26.4
23428,1520.697998046875,26.4
23528,1521.136474609375,26.4
23628,1520.823242187500,26.4
23728,1520.885864257812,26.3
23828,1520.572753906250,26.3
23928,1520.697998046875,26.3
24028,1520.572753906250,26.3
24128,1520.447509765625,26.3
24228,1520.322265625000,26.3
24328,1520.134399414062,26.3
24428,1520.009033203125,26.3
24528,1519.758544921875,26.3
24628,1519.883789062500,26.3
24728,1519.570800781250,26.3
24828,1519.633422851562,26.3
24928,1519.445556640625,26.3
25028,1519.383056640625,26.3
25128,1519.320434570312,26.3
25228,1519.257812500000,26.3
25328,1519.132690429687,26.3
25428,1518.881958007812,26.3
25528,1519.007324218750,26.3
25628,1518.694213867187,26.3
25728,1518.819458007812,26.3
25828,1518.568969726562,26.3
25928,1518.568969726562,26.3
26028,1518.506347656250,26.3
26128,1518.381225585937,26.3
26228,1517.880615234375,26.3
26328,1517.567626953125,26.3
26428,1517.567626953125,26.3
26528,1517.129760742187,26.3
26628,1517.692993164062,26.3
26728,1517.692993164062,26.3
26828,1517.818115234375,26.3
26928,1517.630371093750,26.3
27028,1517.192382812500,26.3
27128,1517.317504882812,26.3
27228,1517.192382812500,26.3
27328,1517.254882812500,26.3
27428,1517.129760742187,26.3
27528,1517.129760742187,26.3
27628,1516.942138671875,26.3
27728,1517.129760742187,26.3
27828,1516.754516601562,26.3
27928,1516.942138671875,26.3
28028,1516.879638671875,26.3
28128,1516.817016601562,26.3
28228,1516.817016601562,26.3
28328,1516.817016601562,26.3
28428,1516.754516601562,26.3
28528,1516.379150390625,26.3
28628,1516.629394531250,26.3
28728,1516.316650390625,26.3
28828,1516.504150390625,26.3
28928,1516.316650390625,26.3
29028,1516.003906250000,26.3
29128,1515.878906250000,26.3
29228,1515.816406250000,26.3
29328,1515.816406250000,26.3
29428,1515.628784179687,26.3
29528,1516.066528320312,26.3
29628,1515.816406250000,26.3
29728,1516.003906250000,26.3
29828,1515.691284179687,26.3
29928,1516.003906250000,26.3
30028,1515.941406250000,26.3
30128,1515.878906250000,26.3
30228,1515.816406250000,26.3
30328,1515.753906250000,26.3
30428,1515.691284179687,26.3
30528,1515.441162109375,26.3
30628,1515.691284179687,26.3
30728,1515.378540039062,26.2
30828,1515.628784179687,26.2
30928,1515.503662109375,26.2
31028,1515.503662109375,26.2
31128,1515.441162109375,26.2
31228,1515.441162109375,26.2
31328,1515.378540039062,26.2
31428,1515.253540039062,26.2
31528,1515.316040039062,26.2
31628,1515.003540039062,26.2
31728,1515.253540039062,26.2
31828,1515.066040039062,26.2
31928,1515.253540039062,26.2
32028,1515.128540039062,26.2
32128,1515.066040039062,26.2
32228,1515.066040039062,26.2
32328,1515.003540039062,26.2
32428,1515.003540039062,26.2
32528,1514.628540039062,26.2
32628,1514.878540039062,26.2
32728,1514.691040039062,26.2
32828,1514.878540039062,26.2
32928,1514.691040039062,26.2
33028,1514.691040039062,26.2
33128,1514.691040039062,26.2
33228,1514.628540039062,26.2
33328,1514.565795898437,26.2
33428,1514.315917968750,26.2
33528,1514.378417968750,26.2
33628,1514.190917968750,26.2
33728,1514.315917968750,26.2
33828,1514.003417968750,26.2
33928,1514.190917968750,26.2
34028,1514.003417968750,26.2
34128,1513.940917968750,26.2
34228,1513.815917968750,26.2
34328,1513.691040039062,26.2
34428,1513.565917968750,26.2
34528,1513.316040039062,26.2
34628,1513.378417968750,26.2
34728,1513.003662109375,26.2
34828,1513.003662109375,26.2
34928,1512.691284179687,26.2
35028,1512.066650390625,26.2
35128,1511.816894531250,26.2
35228,1511.692016601562,26.2
35328,1511.504516601562,26.2
35428,1511.504516601562,26.2
35528,1511.254760742187,26.2
35628,1510.755371093750,26.2
35728,1509.756591796875,26.2
35828,1509.881469726562,26.2
35928,1509.382080078125,26.2
36028,1509.257324218750,26.2
36128,1508.695800781250,26.2
36228,1508.134277343750,26.2
36328,1507.510498046875,26.2
36428,1506.887084960937,26.2
36528,1505.951904296875,26.2
36628,1505.328491210937,26.2
36728,1504.456176757812,26.2
36828,1503.708740234375,26.2
36928,1502.712280273437,26.2
37028,1501.653930664062,26.2
37128,1500.471313476562,26.2
37228,1499.164916992187,26.2
37328,1497.859130859375,26.3
37428,1496.243041992187,26.3
37528,1494.752197265625,26.3
37628,1492.889282226562,26.3
37728,1490.841674804687,26.2
37828,1488.485351562500,26.2
37928,1486.254882812500,26.2
38028,1484.149780273437,26.3
38128,1481.489379882812,26.3
38228,1478.954956054687,26.3
38328,1475.928588867187,26.3
38428,1472.597045898437,26.3
38528,1468.961059570312,26.3
38628,1465.206298828125,26.3
38728,1460.964721679687,26.3
38828,1456.483642578125,26.3
38928,1451.702758789062,26.3
39028,1446.501586914062,26.3
39128,1440.881591796875,26.3
39228,1434.845825195312,26.3
39328,1428.335693359375,26.3
39428,1421.414916992187,26.3
39528,1413.904541015625,26.3
39628,1406.051025390625,26.3
39728,1397.375244140625,26.3
39828,1388.364013671875,26.3
39928,1378.363281250000,26.3
40028,1367.859008789062,26.3
40128,1356.619628906250,26.3
40228,1344.593994140625,26.3
40328,1331.968505859375,26.3
40428,1318.282226562500,26.3
40528,1304.366699218750,26.3
40628,1288.716064453125,26.3
40728,1273.205078125000,26.3
40828,1255.592895507812,26.3
40928,1237.799560546875,26.3
41028,1218.298828125000,26.3
41128,1198.194702148437,26.3
41228,1177.053710937500,26.3
41328,1154.844482421875,26.3
41428,1131.867431640625,26.3
41528,1106.997558593750,26.3
41628,1082.718505859375,26.3
41728,1055.265380859375,26.3
41828,1028.179199218750,26.3
41928,998.195373535156,26.3
42028,968.421630859375,26.3
42128,937.005554199218,26.3
42228,904.463989257812,26.3
42328,871.243774414062,26.3
42428,836.433898925781,26.3
42528,802.792663574218,26.3
42628,764.293334960937,26.3
42728,727.664672851562,26.3
42828,687.910827636718,26.3
42928,649.015380859375,26.3
43028,607.036437988281,26.3
43128,565.087219238281,26.3
43228,522.256591796875,26.3
43328,478.907104492187,26.3
43428,435.507995605468,26.3
43528,390.070159912109,26.3
43628,347.037536621093,26.3
43728,305.620452880859,26.3
43828,265.757141113281,26.3
43928,226.213577270507,26.3
44028,194.134323120117,26.3
44128,170.655593872070,26.3
44228,153.517974853515,26.3
44328,140.658981323242,26.3
44428,131.785079956054,26.3
44528,122.643424987792,26.3
44628,115.931671142578,26.3
44728,109.761474609375,26.3
44828,104.426826477050,26.3
44928,100.033752441406,26.3
45028,95.871528625488,26.3
45128,91.790679931640,26.3
45228,88.197914123535,26.3
45328,84.906211853027,26.4
45428,81.766700744628,26.4
45528,78.631347656250,26.4
45628,75.794639587402,26.4
45728,72.887763977050,26.4
45828,70.278305053710,26.4
45928,67.451553344726,26.4
46028,64.774757385253,26.4
46128,62.210807800292,26.4
46228,59.649639129638,26.4
46328,57.091228485107,26.4
46428,54.827518463134,26.4
46528,52.456604003906,26.4
46628,49.905960083007,26.4
46728,47.576358795166,26.4
46828,44.958305358886,26.4
46928,42.742496490478,26.4
47028,40.383682250976,26.4
47128,38.135932922363,26.4
47228,35.998935699462,26.4
47328,33.900051116943,26.4
47428,31.911451339721,26.4
47528,29.996759414672,26.4
47628,28.227954864501,26.4
47728,26.424425125122,26.4
47828,24.802429199218,26.4
47928,23.145547866821,26.4
48028,21.669746398925,26.4
48128,20.266794204711,26.4
48228,18.900623321533,26.4
48328,17.678932189941,26.4
48428,16.493783950805,26.4
48528,15.452782630920,26.4
48628,14.412242889404,26.4
48728,13.479738235473,26.4
48828,12.547605514526,26.4
48928,11.759166717529,26.4
49028,10.970993995666,26.4
49128,10.218893051147,26.4
49228,9.538629531860,26.4
49328,8.930140495300,26.4
49428,8.321810722351,26.4
49528,7.785178661346,26.4
49628,7.284433364868,26.4
49728,6.783795833587,26.4
49828,6.390512943267,26.5
49928,5.961551666259,26.5
50028,5.568407058715,26.5
50128,5.175328254699,26.5
50228,4.853767395019,26.5
50328,4.532250404357,26.5
50428,4.246494293212,26.5
50528,3.996487426757,26.5
50628,3.710797548294,26.5
50728,3.496552705764,26.5
50828,3.282327651977,26.5
50928,3.068122148513,26.5
51028,2.853936386108,26.5
51128,2.675463438034,26.5
51228,2.497003793716,26.5
51328,2.318557977676,26.5
51428,2.211497068405,26.5
51528,2.033072710037,26.5
51628,1.926024913787,26.5
51728,1.783301925659,26.5
51828,1.676265335083,26.5
51928,1.569233798980,26.5
52028,1.462207221984,26.5
52128,1.390858764648,26.5
52228,1.283840179443,26.5
52328,1.212497234344,26.5
52428,1.105486869812,26.5
52528,1.034149408340,26.5
52628,0.998481464385,26.5
52728,0.927147197723,26.5
52828,0.855815124511,26.5
52928,0.784485149383,26.5
53028,0.748821067810,26.5
53128,0.677494478225,26.5
53228,0.641831922531,26.5
53328,0.606169986724,26.5
53428,0.534847688674,26.5
53528,0.499187374114,26.5
53628,0.463527631759,26.5
53728,0.427868366241,26.6
53828,0.392209644317,26.6
53928,0.356551527976,26.6
54028,0.320893907546,26.6
54128,0.285236854553,26.6
54228,0.285236854553,26.6
54328,0.249580359458,26.6
54428,0.213924384117,26.6
54528,0.213924384117,26.6
54628,0.178268957138,26.6
54728,0.178268957138,26.6
54828,0.142614078521,26.6
54928,0.106959748268,26.6
55028,0.106959748268,26.6
55128,0.071305952072,26.6
55228,0.071305952072,26.6
55328,0.071305952072,26.6
55428,0.035652704238,26.6
55528,0.035652704238,26.6
55628,0.000000000000,26.6
55728,0.000000000000,26.6
55828,0.000000000000,26.6
55928,-0.035652160644,26.6
56028,-0.035652160644,26.6
56128,-0.071303777694,26.6
56228,-0.071303777694,26.6
56328,-0.071303777694,26.6
56428,-0.071303777694,26.7
56528,-0.106954848766,26.7
56628,-0.106954848766,26.7
56728,-0.106954848766,26.7
56828,-0.106954848766,26.7
56928,